Project,Yuba,Yuba,Yuba,Yuba,Yuba,Yuba,Yuba,Yuba,Yuba,Yuba,Yuba,Yuba,Yuba,Yuba,Yuba
DataType,Long20,Long20,Long20,Long20,Long20,Long20,Long20,Long20,Long20,Long20,Long20,Long20,Long20,Long20,Long20
SampleEvent,Summer 2022,Summer 2022,Summer 2022,Summer 2022,Summer 2022,Summer 2022,Summer 2022,Summer 2022,Summer 2022,Summer 2022,Summer 2022,Summer 2022,Summer 2022,Summer 2022,Summer 2022
StreamName,Oregon Creek,Rock Crk.,Deer Creek,Deer Creek,Deer Creek,Deer Creek,Deer Creek,Deer Creek,Little Deer Creek,Squirrel Creek,Squirrel Creek,Bear River,Bear River,Steephollow Creek,Dry Creek
SiteName,OC,Rock Crk. Nature Trail,DC 1,DC 2,DC 4,DC 6,DC 8,DC 10,DC 11,DC 15,DC 16,BR 1,BR 2,BR 3,BR 12
SampleDate,7/20/2022,6/27/2022,6/24/2022,6/16/2022,7/19/2022,6/30/2022,7/5/2022,6/23/2022,5/31/2022,6/15/2022,7/6/2022,6/21/2022,7/27/2022,7/25/2022,8/3/2022
Reach Length,150,150,150,150,150,150,150,150,150,140,150,150,150,150,150
Elevation,,,,,,,,,,,,,,,
GPSLat,39.44568,39.300995,39.2957,39.2679016,39.2603646,39.239,39.2302,39.22381,39.2615,39.201,39.22895,39.308907,39.1756,39.180073,39.11362
GPSLong,-121.04653,-120.928669,-120.8865,-121.0019639,-121.0320418,-121.1872,-121.2442,-121.269861,-121.0137,-121.1772,-121.24228,-120.667372,-120.893455,-120.895742,-121.27325
% Fine,0,3,0,8,1,1,0,0,17,0,1,3,0,0,6
% Sand,6,12,0,5,7,9,5,0,11,3,9,0,5,7,12
% Gravel,19,35,10,7,15,14,13,23,28,30,26,13,17,27,20
% Pebble,15,25,13,18,11,13,13,9,22,42,21,22,29,31,12
% Cobble,19,23,30,61,26,37,40,21,16,23,22,61,46,32,34
% Boulder,41,0,46,0,39,26,29,47,5,0,20,0,2,1,13
% Sand-Fines,6,15,0,13,8,10,5,0,28,3,10,3,5,7,18
%Sand-Fine-Gravel,25,50,10,20,23,24,18,23,56,33,36,16,22,34,38
%Sand-Fine-Gravel to 32mm,,,,,,,,,,,,,,,
%Sand-Fine-Gravel to 8mm,11,44,0,14,8,11,5,1,30,15,11,4,20,21,22
% Gravel to 32mm,,,,,,,,,,,,,,,
% Gravel to 8mm,5,29,0,1,0,1,0,1,2,12,1,1,15,14,4
D50,95,30,200,75,137.5,107,120,225,29,45,49.5,70,60,45,59
Temp,18.15,11.20,11.65,12.2,12.55,19.96666667,21.8,24.0,10.6,16.65,21.43333333,10.38333333,17.38333333,18.56666667,24.03333333
PH,8.023333333,6.93,7.383333333,7.343333333,7.48,7.64,7.983333333,8.1,7.103333333,7.563333333,7.816666667,7.356666667,7.393333333,7.096666667,7.726666667
Conductivity,103.6,25.83,38.6,38.2,54.53333333,102.5666667,200.0333333,161.2,50.83333333,150.7666667,159.0666667,75.6,39.73333333,92.46666667,178.0666667
DO,8.76,8.96,11.3,11.00333333,10.51666667,8.15,10.54333333,8.9,9.823333333,11.17,7.536666667,9.826666667,10.14333333,8.27,7.343333333
Alkalinity,,,,,,,,,,,,,,,
Turbidity,0.08333333333,0.10,0.2666666667,0.2633333333,0.46,0.53,0.26,0.41,0.46,0.5533333333,0.4833333333,0.32,0.17,0.07333333333,1.21
N,0.23,0.23,0.23,0.23,0.23,0.23,1.046666667,0.346,0.2756666667,0.3296666667,0.23,0.23,0.23,0.23,0.23
TKN,,,,,,,,,,,,,,,
P,0.1266666667,0.20,0.1233333333,0.07,0.3233333333,0.1233333333,2.2,1.97,0.16,0.12,0.23,0.22,0.09333333333,0.09333333333,0.08333333333
SO4,,,,,,,,,,,,,,,
Hardness,,,,,,,,,,,,,,,
SiO2,,,,,,,,,,,,,,,
%Algae,0,0,2,67,9,47,52,51,18,6,9,41,28,79,16
%Veg,0,0,0,4,0,0,0,0,0,0,0,0,0,0,0
%Wood,0,33,0,12,2,2,0,2,10,1,0,10,0,0,3
%Detritus,0,0,0,4,2,0,0,0,0,0,0,0,0,0,0
%Leaf,0,37,0,12,0,1,0,1,16,1,0,4,0,0,0
%Root,0,0,0,0,0,0,0,0,0,0,0,0,0,0,0
%Moss,0,1,0,0,1,0,0,0,0,0,1,0,0,0,0
LWD large wood debris,100.0,53.2,71.6,40.3,61.1,34.0,21.1,0.1,187.4,50.1,2.1,46.2,4.2,4.2,3.8
Human distubance,,,,,,,,,,,,,,,
%Stable,100,88,100,93,100,100,100,100,82.5,87.5,95,87.5,100,100,75
%Vulnerable,0,5,0,8,0,0,0,0,7.5,10,5,5,0,0,17.5
%Eroding,0,5,0,0,0,0,0,0,7.5,2.5,0,2.5,0,0,5
%Vg,0,5,3,35,3,10,30,32.5,32.5,32.5,27.5,12.5,0,0,45
%Vb,0,5,0,3,0,5,2.5,2.5,2.5,32.5,0,10,0,2.5,0
%Vt,2.5,35,8,45,3,10,20,12.5,20,15,17.5,35,40,32.5,32.5
%A,97.5,50,88,15,95,75,47.5,52.5,37.5,15,52.5,42.5,60,47.5,22.5
%O,0,5,3,3,0,0,0,0,10,5,2.5,5,0,17.5,0
%Shallow,42.5,15,35,38,8,25,55,22.5,17.5,40,17.5,40,47.5,52.5,17.5
%Moderate,57.5,48,58,35,93,70,45,60,67.5,40,75,30,52.5,47.5,50
%Undercut,0,38,8,28,0,5,0,17.5,15,20,7.5,27.5,0,0,32.5
%RipCover,62.64705882,98,78,62,70,66.47058824,54.92647059,48.38235294,90.44117647,64.55882353,72.79411765,89.92647059,25.07352941,29.11764706,55.80882353
AvgEmbed,1320,11.6,9.4,6.4,2504,0,1100,1760,1860,1640,2220,1200,460,1840,2020
AvgOfBankfullWidth,658.05,201.75,1006.75,1344.5,910.75,563,548.5,628.6,409.65,879.65,420.25,806,1915,614,526.75
StDevOfBankfullWidth,293.7,106.8,175.1,266.8,225.2,187.6,188.9,270.5,125.9,291.7,240.0,242.9,1715.4,135.1,249.7
AvgOfStream Width,,,,,,,,,,,,,,,
StDevOfStream Width,,,,,,,,,,,,,,,
Slope,,,,,,,,,,,,,,,
Pool%,30,18,21,49,0,24,46.66666667,57.33333333,37.33333333,48,78,12.66666667,0,12.66666667,42
Riffle%,57.33333333,71,79,35,93.33333333,52.66666667,49.33333333,23.33333333,55.33333333,26.66666667,18.66666667,78,72,83.33333333,42.66666667
Transition%,12.66666667,11,0,16,6.666666667,23.33333333,4,19.33333333,7.333333333,25.33333333,3.333333333,9.333333333,28,4,15.33333333
MeanChangeBearing,11.3,31.7,14.1,13.8,11.9,9.3,12.4,13.9,10.8,30.6,7.0,8.6,5.6,20.0,4.0
Sinuosity,1.0,1.3,1.1,1.0,1.1,1.0,1.0,1.1,1.1,1.9,1.0,1.1,1.1,1.2,1.0
AvgDepth,23.56,10.47,36.2,33.395,42.45,28.05,19.8,30.87,17.37,22.44,29.17,20.12,17.81,18.69,37.62
AvgVelocity,14.6,3.9,48.1,24.3,35.8,13.3,6.9,8,12.4,NA,3.5,26.8,40.9,18.4,18.5
Zero Velocity Freq,0.4,0.81,0.06,0.17,0.09,0.35,0.56,0.53,0.43,NA,0.85,0.13,0.08,0.37,0.44
MaxOfDepths,80,23,84,80,95,95,57,85,83,98,105,65,70,76,120
AvgQ(cm3/s),144821.3,5845,1791727,963196,1267029,110892,45120,98255.6,58097.928,NA,4308.5,393988,1742314,164443,142167.5
AvgQ(m3/s),0.1448,0.0058,1.7917,0.9632,1.2670,0.1109,0.0451,0.0983,0.0581,NA,0.0043,0.3940,1.7423,0.1644,0.1422
AvgQ(cfs),5.114316418,0.2064142462,63.27424774,34.01494889,44.74471102,3.916114386,1.59339791,3.46986409,2.051709155,#VALUE!,0.1521532557,13.9135562,61.52924395,5.807250279,5.020598347
StDevQ(cm3/s),,,,,,,,,,,,,,,
StDevQ(m3/s),0.0850,0.0069,0.6287,0.2613,0.8464,0.0766,0.0399,0.0902,0.0310,NA,0.0080,0.1040,2.4309,0.0859,0.1451
StDevQ(cfs),,,,,,,,,,,,,,,
Chl a density,,,,,,,,,,,,,,,
CPOM,,,,,,,,,,,,,,,
FPOM,,,,,,,,,,,,,,,
